RainfallinfiltrationTutorialFinal/RainfallInfiltration/shape/triMeshLc.asc
NCOLS 691
NROWS 484
XLLCORNER 720771.71
YLLCORNER 1164522.2
DX 5.0010304
DY 5.0099876
NODATA_VALUE -9999
[rows 420 to 449 of 484, columns 0 to 65 of 691]
-9999 -9999 -9999 -9999 -9999 -9999 -9999 28.731868 28.41538 28.098891 27.782403 27.465915 27.149427 26.832938 26.51645 26.199962 25.883473 25.566985 25.250497 24.875517 24.325805 23.767932 23.21006 22.652188 22.094316 21.536444 20.978571 20.420699 19.862827 19.548005 19.470956 19.167421 18.731813 18.296204 17.860596 17.740823 17.671131 17.393233 17.00092 16.608606 16.312277 16.248659 16.173327 15.997699 15.643132 15.288564 14.933996 14.579428 14.445749 14.379031 14.312314 14.245596 14.178878 14.112161 14.022966 13.676611 13.330256 12.983901 12.637547 12.291192 11.944837 11.598482 11.452652 11.405157 11.357661 11.310165
-9999 -9999 -9999 -9999 -9999 -9999 -9999 28.632747 28.316259 27.99977 27.683282 27.366794 27.050305 26.733817 26.417329 26.10084 25.784352 25.467864 25.151375 24.68854 24.091535 23.593212 23.03534 22.477468 21.919596 21.361723 20.803851 20.245979 19.688107 19.130235 18.976902 18.899853 18.543567 18.107959 17.67235 17.293941 17.224248 17.154556 16.831383 16.43907 16.046756 15.840726 15.775003 15.699292 15.489907 15.135339 14.780771 14.426204 14.094741 14.028024 13.961306 13.894589 13.827871 13.761153 13.694436 13.588397 13.242042 12.895687 12.549333 12.202978 11.856623 11.510268 11.184798 11.137303 11.089807 11.042311
-9999 -9999 -9999 -9999 -9999 -9999 -9999 28.533626 28.217138 27.900649 27.584161 27.267673 26.951184 26.634696 26.318208 26.001719 25.685231 25.368743 25.052254 24.501564 23.904558 23.307552 22.86062 22.302748 21.744875 21.187003 20.629131 20.071259 19.513387 18.955514 18.482848 18.405799 18.32875 17.919713 17.484104 17.048496 16.777366 16.707674 16.637981 16.269533 15.87722 15.484906 15.369174 15.300967 15.225256 14.982114 14.627547 14.272979 13.918411 13.677016 13.610299 13.543581 13.476863 13.410146 13.343428 13.276711 13.153828 12.807473 12.461118 12.114764 11.768409 11.422054 11.075699 10.869448 10.821953 10.774457
-9999 -9999 -9999 -9999 -9999 -9999 28.75 28.434505 28.118017 27.801528 27.48504 27.168552 26.852063 26.535575 26.219087 25.902598 25.58611 25.269622 24.911593 24.314588 23.717582 23.120576 22.527865 22.128027 21.570155 21.012283 20.454411 19.896539 19.338666 18.780794 18.222922 17.911745 17.834696 17.731467 17.295858 16.86025 16.424642 16.260792 16.191099 16.099997 15.707683 15.31537 14.961241 14.897623 14.826932 14.751221 14.474322 14.119754 13.765186 13.410619 13.259291 13.192574 13.125856 13.059138 12.992421 12.925703 12.858986 12.719259 12.372904 12.02655 11.680195 11.33384 10.987485 10.64113 10.554099 10.506603
-9999 -9999 -9999 -9999 -9999 -9999 28.651872 28.335384 28.018895 27.702407 27.385919 27.06943 26.752942 26.436454 26.119965 25.803477 25.486989 25.170501 24.724617 24.127611 23.530605 22.9336 22.336594 21.793821 21.395435 20.837563 20.279691 19.721818 19.163946 18.606074 18.048202 17.49033 17.340642 17.263593 17.107612 16.672004 16.236396 15.813909 15.744217 15.674524 15.538147 15.145833 14.75352 14.489689 14.426071 14.352896 14.277185 13.96653 13.611962 13.257394 12.908284 12.841566 12.774848 12.708131 12.641413 12.574696 12.507978 12.441261 12.28469 11.938336 11.591981 11.245626 10.899271 10.552916 10.286244 10.238749
-9999 -9999 -9999 -9999 -9999 -9999 28.552751 28.236263 27.919774 27.603286 27.286798 26.970309 26.653821 26.337333 26.020844 25.704356 25.387868 25.071379 24.462188 23.940635 23.343629 22.746623 22.149617 21.552612 21.059776 20.662843 20.10497 19.547098 18.989226 18.431354 17.873482 17.315609 16.846589 16.769539 16.69249 16.483758 16.04815 15.612542 15.297335 15.227642 15.157949 14.976297 14.583983 14.19167 14.018138 13.954519 13.878861 13.80315 13.458737 13.104169 12.749601 12.490559 12.423841 12.357123 12.290406 12.223688 12.156971 12.090253 12.023536 11.850122 11.503767 11.157412 10.811057 10.464702 10.118347 9.9708946
-9999 -9999 -9999 -9999 -9999 -9999 28.45363 28.137142 27.820653 27.504165 27.187677 26.871188 26.5547 26.238212 25.921723 25.605235 25.288747 24.93913 24.244698 23.611337 23.156652 22.559647 21.962641 21.365635 20.768629 20.325732 19.93025 19.372378 18.814506 18.256634 17.698761 17.140889 16.583017 16.275486 16.198436 16.121387 15.859904 15.424296 14.988688 14.78076 14.711067 14.641375 14.414447 14.022133 13.62982 13.546586 13.480537 13.404826 13.305512 12.950945 12.596377 12.241809 12.072833 12.006116 11.939398 11.872681 11.805963 11.739246 11.672528 11.605811 11.415553 11.069198 10.722843 10.376488 10.030133 9.7030404
-9999 -9999 -9999 -9999 -9999 28.670997 28.354509 28.03802 27.721532 27.405044 27.088556 26.772067 26.455579 26.139091 25.822602 25.506114 25.189626 24.721641 24.027209 23.332777 22.778475 22.37267 21.775664 21.178659 20.581653 19.984647 19.591688 19.197658 18.639786 18.081913 17.524041 16.966169 16.408297 15.850425 15.704383 15.627333 15.550284 15.23605 14.800442 14.364833 14.264185 14.194493 14.1248 13.852597 13.460283 13.138653 13.075035 13.006501 12.93079 12.79772 12.443152 12.088584 11.734016 11.655108 11.588391 11.521673 11.454956 11.388238 11.321521 11.254803 11.188086 10.980984 10.634629 10.288274 9.9419194 9.5955646
-9999 -9999 -9999 -9999 -9999 28.571876 28.255388 27.938899 27.622411 27.305923 26.989434 26.672946 26.356458 26.039969 25.723481 25.406993 25.090504 24.504151 23.80972 23.115288 22.420856 21.945613 21.588688 20.991682 20.394676 19.797671 19.200665 18.857644 18.465065 17.907193 17.349321 16.791449 16.233577 15.675704 15.210329 15.13328 15.05623 14.979181 14.612196 14.176587 13.817303 13.74761 13.677918 13.608225 13.290747 12.898433 12.667102 12.603483 12.532466 12.456755 12.289927 11.93536 11.580792 11.304101 11.237383 11.170666 11.103948 11.037231 10.970513 10.903796 10.837078 10.77036 10.546415 10.20006 9.8537054 9.5073505
-9999 -9999 -9999 -9999 -9999 28.472755 28.156267 27.839778 27.52329 27.206802 26.890313 26.573825 26.257337 25.940848 25.62436 25.307872 24.981094 24.286662 23.59223 22.897799 22.203367 21.508936 21.112751 20.804706 20.2077 19.610694 19.013688 18.416683 18.1236 17.732473 17.174601 16.616729 16.058856 15.500984 14.943112 14.639226 14.562177 14.485127 14.408078 13.988341 13.552733 13.300728 13.231036 13.161343 13.09165 12.728897 12.336583 12.19555 12.131932 12.058431 11.982719 11.782135 11.427567 11.072999 10.886376 10.819658 10.752941 10.686223 10.619506 10.552788 10.486071 10.419353 10.352635 10.111846 9.7654913 9.4191365
-9999 -9999 -9999 -9999 28.690122 28.373634 28.057146 27.740657 27.424169 27.107681 26.791192 26.474704 26.158216 25.841727 25.525239 25.208751 24.742602 24.069173 23.374741 22.680309 21.985878 21.291446 20.597015 20.279889 20.020724 19.423718 18.826712 18.229706 17.6327 17.389555 16.999881 16.442008 15.884136 15.326264 14.768392 14.21052 14.068123 13.991074 13.914025 13.800095 13.364487 12.928879 12.784154 12.714461 12.644768 12.55936 12.167047 11.787617 11.723998 11.660106 11.584395 11.508684 11.274342 10.919775 10.565207 10.468651 10.401933 10.335216 10.268498 10.201781 10.135063 10.068346 10.001628 9.9349104 9.6772773 9.3309225
-9999 -9999 -9999 -9999 28.600073 28.277205 27.958024 27.641536 27.325048 27.008559 26.692071 26.375583 26.059094 25.742606 25.426118 25.10963 24.50579 23.749662 23.107056 22.46282 21.768389 21.073957 20.379525 19.685094 19.447027 19.236741 18.639736 18.04273 17.445724 16.848718 16.655511 16.267288 15.709416 15.151544 14.593672 14.035799 13.574069 13.49702 13.419971 13.342922 13.176241 12.740633 12.337271 12.267579 12.197886 12.128194 11.99751 11.605197 11.316065 11.252447 11.186071 11.11036 11.034648 10.76655 10.411982 10.117643 10.050926 9.9842082 9.9174907 9.8507731 9.7840556 9.717338 9.6506205 9.5839029 9.5171853 9.2427085
-9999 -9999 -9999 -9999 28.521752 28.198527 27.875659 27.552791 27.229923 26.909438 26.59295 26.276462 25.959973 25.643485 25.326997 25.010508 24.268978 23.512849 22.756721 22.144632 21.550899 20.856468 20.162036 19.467604 18.817904 18.614165 18.410425 17.855753 17.258748 16.661742 16.101033 15.921467 15.534696 14.976824 14.418951 13.861079 13.303207 13.002966 12.925917 12.848868 12.771819 12.552387 12.116779 11.820697 11.751004 11.681311 11.611619 11.43566 11.043347 10.844514 10.780895 10.712035 10.636324 10.560613 10.258757 9.9041895 9.6999183 9.6332007 9.5664832 9.4997656 9.4330481 9.3663305 9.299613 9.2328954 9.1661778 9.0994603
-9999 -9999 -9999 -9999 28.464169 28.137594 27.81102 27.484446 27.157871 26.831297 26.505509 26.182641 25.860852 25.544364 25.227876 24.788294 24.032166 23.276037 22.519909 21.763781 21.182207 20.638978 19.944547 19.250115 18.555683 17.985042 17.781303 17.577563 17.071771 16.474765 15.87776 15.366989 15.187423 14.802103 14.244231 13.686359 13.128487 12.570615 12.431863 12.354814 12.277765 12.200716 11.928533 11.492925 11.304122 11.234429 11.164737 11.095044 10.87381 10.481497 10.372962 10.309344 10.238 10.162289 10.086577 9.7509648 9.396397 9.2821932 9.2154757 9.1487581 9.0820406 9.015323 8.9486055 8.8818879 8.8151703 8.7484528
-9999 -9999 -9999 28.73316 28.406586 28.080012 27.753437 27.426863 27.100289 26.773714 26.44714 26.120565 25.793991 25.467417 25.140842 24.551482 23.795353 23.039225 22.283097 21.526969 20.770841 20.219782 19.727057 19.032626 18.338194 17.643763 17.15218 16.948441 16.744701 16.287789 15.690783 15.093777 14.632945 14.453379 14.069511 13.511639 12.953767 12.395894 11.937809 11.86076 11.783711 11.706662 11.629613 11.304679 10.86907 10.787547 10.717855 10.648162 10.578469 10.31196 9.965029 9.9014106 9.8377922 9.7639645 9.6882533 9.59774 9.2431723 8.9311857 8.8644682 8.7977506 8.7310331 8.6643155 8.597598 8.5308804 8.4641628 8.3974453
-9999 -9999 -9999 28.675578 28.349003 28.022429 27.695854 27.36928 27.042706 26.716131 26.389557 26.062983 25.736408 25.409834 25.08326 23.99029 23.556701 22.802413 22.046285 21.290157 20.534029 19.7779 19.257358 18.815137 18.120705 17.426273 16.731842 16.319318 16.115579 15.911839 15.503807 14.906801 14.309795 13.898901 13.719334 13.336919 12.779046 12.221174 11.663302 11.366706 11.289657 11.212608 11.135559 11.05851 10.680824 10.340665 10.270972 10.20128 10.131587 10.061895 9.7501104 9.4934775 9.429859 9.3656403 9.2899291 9.2142178 9.0899475 8.7353798 8.5134607 8.4467431 8.3800256 8.313308 8.2465905 8.1798729 8.1131554 8.0464378
-9999 -9999 -9999 28.617995 28.29142 27.964846 27.638272 27.311697 26.985123 26.658549 26.331974 26.0054 25.678825 25.352251 25.025677 23.751332 22.604013 22.416977 21.809473 21.053345 20.297217 19.541088 18.78496 18.294933 17.903216 17.208784 16.514352 15.819921 15.486456 15.282717 15.078977 14.719824 14.122819 13.525813 13.164856 12.98529 12.604326 12.046454 11.488582 10.93071 10.795603 10.718554 10.641505 10.564456 10.487407 10.05697 9.8240904 9.7543977 9.6847051 9.6150125 9.5453198 9.1882605 9.0219259 8.9583075 8.8916049 8.8158936 8.7401824 8.582155 8.2275873 8.0957356 8.0290181 7.9623005 7.895583 7.8288654 7.7621479 7.6954303
-9999 -9999 -9999 28.560412 28.233838 27.907263 27.580689 27.254114 26.92754 26.600966 26.274391 25.947817 25.621243 25.294668 24.867596 23.512374 22.157152 21.471212 21.277254 20.816533 20.060404 19.304276 18.548148 17.79202 17.332508 16.991295 16.296863 15.602431 14.908 14.653594 14.449855 14.246115 13.935842 13.338836 12.741831 12.430812 12.251246 11.871734 11.313862 10.755989 10.30155 10.2245 10.147451 10.070402 9.9933529 9.8687243 9.4331161 9.3075156 9.237823 9.1681304 9.0984377 9.018724 8.6264105 8.5503743 8.4867559 8.4175694 8.3418582 8.2661469 8.0743625 7.7447281 7.6780106 7.611293 7.5445755 7.4778579 7.4111404 7.3444228
-9999 -9999 -9999 28.502829 28.176255 27.84968 27.523106 27.196532 26.869957 26.543383 26.216809 25.890234 25.56366 25.237085 24.628638 23.273416 21.918195 20.562973 20.338411 20.13753 19.823592 19.067464 18.311336 17.555208 16.79908 16.370083 16.079374 15.384942 14.690511 14.024472 13.820732 13.616992 13.413253 13.15186 12.554854 11.957848 11.696768 11.517202 11.139141 10.581269 10.023397 9.7304467 9.6533975 9.5763483 9.4992991 9.4222499 9.2448701 8.8606335 8.7909409 8.7212482 8.6515556 8.581863 8.456874 8.1424412 8.0788228 8.0152043 7.943534 7.8678227 7.7921115 7.56657 7.3270031 7.2602855 7.193568 7.1268504 7.0601329 6.9934153
-9999 -9999 -9999 28.445246 28.118672 27.792098 27.465523 27.138949 26.812374 26.4858 26.159226 25.832651 25.506077 25.179503 24.38968 23.034458 21.679237 20.324015 19.317827 19.205609 18.997806 18.719 18.074524 17.318396 16.562268 15.806139 15.407659 15.167453 14.473021 13.77859 13.19161 12.98787 12.78413 12.580391 12.367878 11.770872 11.173866 10.962724 10.783157 10.406549 9.8486768 9.2908046 9.1593437 9.0822945 9.0052453 8.9281961 8.8511469 8.621016 8.3440588 8.2743661 8.2046735 8.1349809 8.0652882 7.8950241 7.6708896 7.6072712 7.5436528 7.4694985 7.3937873 7.318076 7.0587775 6.909278 6.8425605 6.7758429 6.7091254 6.6424078
-9999 -9999 28.714238 28.387663 28.061089 27.734515 27.40794 27.081366 26.754792 26.428217 26.101643 25.775069 25.448494 25.12192 24.150722 22.795501 21.440279 20.085057 18.729836 18.185025 18.072808 17.858082 17.579276 17.081584 16.325455 15.569327 14.813199 14.445234 14.2098 13.5611 12.866669 12.358748 12.155008 11.951268 11.747529 11.543789 10.98689 10.408246 10.22868 10.049113 9.6739566 9.1160844 8.66529 8.5882408 8.5111916 8.4341424 8.3570932 8.280044 7.9971618 7.827484 7.7577914 7.6880987 7.6184061 7.5487135 7.3331741 7.199338 7.1357196 7.0711743 6.9954631 6.9197518 6.8440406 6.5582705 6.491553 6.4248354 6.3581179 6.2914003
-9999 -9999 28.656655 28.330081 28.003506 27.676932 27.350358 27.023783 26.697209 26.370634 26.04406 25.717486 25.390911 25.064337 23.911764 22.556543 21.201321 19.846099 18.490878 17.164441 17.052224 16.940007 16.718359 16.439553 16.088643 15.332515 14.576387 13.820259 13.482809 13.247375 12.649179 11.954748 11.525886 11.322146 11.118406 10.914667 10.710927 10.202908 9.6742016 9.4946353 9.315069 8.9413642 8.383492 8.094187 8.0171378 7.9400886 7.8630394 7.7859902 7.708941 7.3806019 7.3109093 7.2412166 7.171524 7.1018314 7.0321387 6.7914049 6.7277865 6.6641681 6.5971389 6.5214276 6.4457164 6.3700051 6.1405455 6.0738279 6.0071104 5.9403928
-9999 -9999 28.599072 28.272498 27.945923 27.619349 27.292775 26.9662 26.639626 26.313052 25.986477 25.659903 25.333328 25.006754 22.945429 22.317585 20.962363 19.607142 18.25192 16.896698 16.03164 15.919423 15.807205 15.578635 15.299829 15.021023 14.339575 13.583447 12.827319 12.520385 12.284951 11.737259 11.042827 10.693024 10.489284 10.285544 10.081805 9.878065 9.4189253 8.9401574 8.7605911 8.5810248 8.2087718 7.6508996 7.523084 7.4460348 7.3689856 7.2919364 7.2148872 7.137838 6.8640272 6.7943345 6.7246419 6.6549493 6.5852566 6.515564 6.3198533 6.2562349 6.1926165 6.1231035 6.0473922 5.971681 5.8899678 5.7228204 5.6561029 5.5893853
-9999 -9999 28.541489 28.214915 27.888341 27.561766 27.235192 26.908617 26.582043 26.255469 25.928894 25.60232 25.275746 24.668773 22.540636 21.208675 20.723406 19.368184 18.012962 16.65774 15.302519 14.898839 14.786621 14.674404 14.438911 14.160105 13.881299 13.346635 12.590506 11.834378 11.55796 11.322526 10.825338 10.130906 9.8601617 9.656422 9.4526823 9.2489426 9.0452029 8.6349431 8.2061131 8.0265469 7.8469806 7.4761794 7.0290302 6.951981 6.8749318 6.7978826 6.7208334 6.6437842 6.5612074 6.3474524 6.2777598 6.2080671 6.1383745 6.0686819 5.9989892 5.8483018 5.7846833 5.7210649 5.649068 5.5733568 5.4976455 5.3821753 5.3050954 5.2383778
-9999 -9999 28.483906 28.157332 27.830758 27.504183 27.177609 26.851035 26.52446 26.197886 25.871312 25.544737 25.218163 24.293532 22.165395 20.037259 19.471921 19.129226 17.774004 16.418783 15.063561 13.878255 13.766037 13.65382 13.541602 13.299188 13.020382 12.741576 12.353694 11.597566 10.841438 10.595535 10.360101 9.9134167 9.2310393 9.0272996 8.8235599 8.6198203 8.4160806 8.2123409 7.8509609 7.4720689 7.2925027 7.1129364 6.7435871 6.4579273 6.3808781 6.3038289 6.2267797 6.1497305 6.0726813 5.9373532 5.8308777 5.761185 5.6914924 5.6217998 5.5521071 5.4780877 5.3767502 5.3131318 5.2495134 5.1750326 5.0993213 5.0236101 5.1077299 5.2642785
-9999 -9999 28.426324 28.099749 27.773175 27.446601 27.120026 26.793452 26.466877 26.140303 25.813729 25.487154 25.16058 23.918291 21.790154 19.662018 17.907214 17.735168 17.535047 16.179825 14.824603 13.469381 12.745453 12.633236 12.521018 12.408801 12.159464 11.880658 11.601852 11.323046 10.604626 9.8685447 9.6331107 9.3976766 9.0014958 8.3981773 8.1944376 7.9906979 7.7869582 7.5832185 7.3794788 7.0669787 6.7380247 6.5584584 6.3788922 6.0109947 5.8868243 5.8097751 5.7327259 5.6556767 5.5786275 5.5015783 5.3839956 5.3143029 5.2446103 5.1749176 5.105225 5.0355324 5.0666723 5.2026949 5.3387174 5.4871131 5.6522779 5.8174428 5.9313469 6.0878955
-9999 28.695315 28.368741 28.042166 27.715592 27.389018 27.062443 26.735869 26.409295 26.08272 25.756146 25.429572 25.102997 23.543049 21.414913 19.286777 17.15864 16.17046 15.998414 15.826368 14.585645 13.230424 11.875202 11.612652 11.500435 11.388217 11.276 11.01974 10.740934 10.462128 10.183322 9.6116856 8.90612 8.670686 8.4352519 8.0895749 7.5653152 7.3615755 7.1578359 6.9540962 6.7503565 6.5466168 6.2829965 6.0039805 5.8244142 5.644848 5.3927705 5.3157213 5.2386721 5.1616229 5.0845737 5.0075245 5.144401 5.3044302 5.4644594 5.6093333 5.7170957 5.8633718 5.9493962 6.0748969 6.2109195 6.3560615 6.5212264 6.6863913 6.7675662 6.9115125
-9999 28.637732 28.311158 27.984584 27.658009 27.331435 27.004861 26.678286 26.351712 26.025137 25.698563 25.371989 25.045414 22.436915 21.039672 18.911536 16.783399 14.655263 14.433706 14.26166 14.089614 12.991466 11.636244 10.592068 10.479851 10.367633 10.255416 10.143198 9.8800165 9.6012105 9.3224045 9.0435985 8.6187454 7.9436954 7.7082613 7.4728272 7.177654 6.7324532 6.5287135 6.3249738 6.1212341 5.9174945 5.7137548 5.4990143 5.2699363 5.09037 5.1827236 5.4088307 5.5854675 5.7621043 5.8504796 6.0105088 6.170538 6.3305672 6.4905964 6.5579146 6.6550455 6.8013216 6.8676593 6.947099 7.0831216 7.2250099 7.3901748 7.5553397 7.6304567 7.7351296
-9999 28.58015 28.253575 27.927001 27.600426 27.273852 26.947278 26.620703 26.294129 25.967555 25.64098 25.314406 24.889071 21.911983 18.934895 18.459996 16.408158 14.280022 12.868998 12.696952 12.524906 12.35286 11.397286 10.042065 9.4592665 9.3470492 9.2348318 9.1226144 9.010397 8.7402928 8.4614868 8.1826808 7.9038747 7.6250687 6.9812707 6.7458366 6.5104025 6.2657331 5.8995911 5.6958515 5.4921118 5.2883721 5.0846324 5.215048 5.5828997 5.9507514 6.3186032 6.5414587 6.7180955 6.8947323 6.8766166 7.0366458 7.196675 7.3567042 7.5167334 7.506496 7.5929953 7.7392715 7.7859224 7.8193011 7.9553237 8.0939584 8.2591233 8.4242881 8.4933472 8.5587466
-9999 28.522567 28.195992 27.869418 27.542844 27.216269 26.889695 26.563121 26.236546 25.909972 25.583397 25.256823 24.36414 21.387052 18.409964 15.948294 15.672122 13.904781 11.776644 11.132244 10.960198 10.788152 10.616106 9.8031069 8.4478852 8.3264652 8.2142478 8.1020304 7.9898131 7.8775957 7.6005691 7.3217631 7.0429571 6.764151 6.485345 6.018846 5.7834119 5.5479778 5.3125438 5.0667291 5.3458874 5.7491548 5.9830758 6.3509276 6.7187793 7.086631 7.4544827 7.6740867 7.8507235 8.0273604 7.9027536 8.0627828 8.222812 8.3828412 8.5428704 8.4550773 8.5309452 8.6772213 8.7041855 8.6915031 8.8275257 8.9635483 9.1280717 9.2932366 9.3562377 9.3823636
