RainfallinfiltrationTutorialFinal/RainfallInfiltration/shape/triMeshLc.asc
NCOLS 691
NROWS 484
XLLCORNER 720771.71
YLLCORNER 1164522.2
DX 5.0010304
DY 5.0099876
NODATA_VALUE -9999
[rows 360 to 389 of 484, columns 66 to 131 of 691]
21.441078 21.282798 21.124519 20.96624 20.80796 20.649681 20.514 20.420065 20.326129 20.232194 20.138259 20.044324 19.942326 19.830175 19.718024 19.605874 19.493723 19.381572 19.269421 19.157271 19.04512 18.932969 18.820818 18.708667 18.637836 18.598812 18.554539 18.464959 18.375379 18.285799 18.196219 18.10664 18.01706 17.92748 17.8379 17.74832 17.65874 17.569161 17.479581 17.390001 17.341208 17.282077 17.212074 17.142071 17.087883 17.051194 17.008458 16.939118 16.869777 16.801979 16.75704 16.712101 16.667161 16.622222 16.577182 16.532141 16.4871 16.44206 16.397019 16.351978 16.306937 16.261896 16.216855 16.166502 16.108964 16.051427
21.335632 21.177353 21.019073 20.860794 20.702515 20.544235 20.385956 20.270196 20.176261 20.082326 19.988391 19.894456 19.80052 19.691396 19.579245 19.467095 19.354944 19.242793 19.130642 19.018492 18.906341 18.79419 18.682039 18.569888 18.466535 18.42751 18.388486 18.319844 18.230264 18.140685 18.051105 17.961525 17.871945 17.782365 17.692785 17.603206 17.513626 17.424046 17.334466 17.244886 17.178756 17.131341 17.061338 16.991334 16.926833 16.890144 16.853456 16.789809 16.720468 16.651128 16.600061 16.555122 16.510182 16.465243 16.420244 16.375203 16.330162 16.285121 16.24008 16.19504 16.149999 16.104958 16.059917 16.012756 15.955219 15.897681
21.230186 21.071907 20.913628 20.755348 20.597069 20.438789 20.28051 20.122231 20.026393 19.932458 19.838522 19.744587 19.650652 19.552617 19.440467 19.328316 19.216165 19.104014 18.991863 18.879713 18.767562 18.655411 18.54326 18.431109 18.318959 18.256209 18.217184 18.174729 18.08515 17.99557 17.90599 17.81641 17.72683 17.63725 17.547671 17.458091 17.368511 17.278931 17.189351 17.099771 17.016303 16.979295 16.910601 16.840598 16.770595 16.729095 16.692406 16.6405 16.571159 16.501819 16.443082 16.398143 16.353204 16.308264 16.263305 16.218265 16.173224 16.128183 16.083142 16.038101 15.99306 15.94802 15.902979 15.857938 15.801473 15.743935
21.124741 20.966461 20.808182 20.649902 20.491623 20.333344 20.175064 20.016785 19.876524 19.782589 19.688654 19.594719 19.500784 19.406848 19.301688 19.189537 19.077386 18.965235 18.853084 18.740934 18.628783 18.516632 18.404481 18.292331 18.18018 18.084907 18.045883 18.006858 17.940035 17.850455 17.760875 17.671295 17.581715 17.492136 17.402556 17.312976 17.223396 17.133816 17.044237 16.954657 16.865077 16.816842 16.759865 16.689862 16.619859 16.568045 16.531356 16.491191 16.421851 16.35251 16.286103 16.241164 16.196225 16.151285 16.106346 16.061326 16.016285 15.971245 15.926204 15.881163 15.836122 15.791081 15.74604 15.701 15.647727 15.59019
21.019295 20.861015 20.702736 20.544457 20.386177 20.227898 20.069619 19.911339 19.75306 19.632721 19.538786 19.44485 19.350915 19.25698 19.162909 19.050758 18.938607 18.826456 18.714305 18.602155 18.490004 18.377853 18.265702 18.153552 18.041401 17.92925 17.874581 17.835557 17.79492 17.70534 17.61576 17.526181 17.436601 17.347021 17.257441 17.167861 17.078281 16.988702 16.899122 16.809542 16.719962 16.654389 16.609129 16.539126 16.469122 16.406995 16.370306 16.333617 16.272542 16.203201 16.133861 16.084185 16.039246 15.994306 15.949367 15.904388 15.859347 15.814306 15.769265 15.724225 15.679184 15.634143 15.589102 15.544061 15.493981 15.436444
20.913849 20.75557 20.59729 20.439011 20.280732 20.122452 19.964173 19.805893 19.647614 19.489335 19.388917 19.294982 19.201047 19.107112 19.013176 18.911979 18.799828 18.687677 18.575527 18.463376 18.351225 18.239074 18.126923 18.014773 17.902622 17.790471 17.70328 17.664255 17.625231 17.560225 17.470646 17.381066 17.291486 17.201906 17.112326 17.022746 16.933167 16.843587 16.754007 16.664427 16.574847 16.491937 16.454928 16.38839 16.318386 16.248383 16.209256 16.172568 16.123233 16.053893 15.984552 15.927206 15.882267 15.837328 15.792388 15.747449 15.702409 15.657368 15.612327 15.567286 15.522245 15.477205 15.432164 15.387123 15.340235 15.282698
20.808403 20.650124 20.491845 20.333565 20.175286 20.017006 19.858727 19.700448 19.542168 19.383889 19.239049 19.145114 19.051178 18.957243 18.863308 18.769373 18.661049 18.548898 18.436748 18.324597 18.212446 18.100295 17.988144 17.875994 17.763843 17.651692 17.539541 17.492954 17.453929 17.414905 17.325531 17.235951 17.146371 17.056791 16.967212 16.877632 16.788052 16.698472 16.608892 16.519312 16.429733 16.340153 16.292476 16.237653 16.16765 16.097647 16.048207 16.011518 15.973924 15.904584 15.835243 15.770227 15.725288 15.680349 15.635409 15.59047 15.54547 15.50043 15.455389 15.410348 15.365307 15.320266 15.275225 15.230185 15.185144 15.128952
20.702958 20.544678 20.386399 20.228119 20.06984 19.911561 19.753281 19.595002 19.436723 19.278443 19.120164 18.995245 18.90131 18.807375 18.71344 18.619505 18.52227 18.410119 18.297969 18.185818 18.073667 17.961516 17.849365 17.737215 17.625064 17.512913 17.400762 17.321652 17.282628 17.243603 17.180416 17.090836 17.001256 16.911677 16.822097 16.732517 16.642937 16.553357 16.463777 16.374198 16.284618 16.195038 16.130023 16.086917 16.016914 15.946911 15.887157 15.850468 15.813779 15.755275 15.685934 15.616594 15.568309 15.52337 15.47843 15.433491 15.388532 15.343491 15.29845 15.25341 15.208369 15.163328 15.118287 15.073246 15.028205 14.975206
20.597512 20.439232 20.280953 20.122674 19.964394 19.806115 19.647836 19.489556 19.331277 19.172997 19.014718 18.856439 18.751442 18.657506 18.563571 18.469636 18.375701 18.27134 18.15919 18.047039 17.934888 17.822737 17.710586 17.598436 17.486285 17.374134 17.261983 17.150351 17.111326 17.072302 17.033278 16.945721 16.856142 16.766562 16.676982 16.587402 16.497822 16.408242 16.318663 16.229083 16.139503 16.049923 15.96757 15.930562 15.866178 15.796174 15.726171 15.689418 15.652729 15.605966 15.536626 15.467285 15.41133 15.366391 15.321452 15.276512 15.231573 15.186553 15.141512 15.096471 15.05143 15.00639 14.961349 14.916308 14.871267 14.82146
20.492066 20.333787 20.175507 20.017228 19.858949 19.700669 19.54239 19.38411 19.225831 19.067552 18.909272 18.750993 18.601573 18.507638 18.413703 18.319768 18.225833 18.131897 18.020411 17.90826 17.796109 17.683958 17.571808 17.459657 17.347506 17.235355 17.123204 17.011054 16.940025 16.901 16.861976 16.800607 16.711027 16.621447 16.531867 16.442287 16.352708 16.263128 16.173548 16.083968 15.994388 15.904808 15.815229 15.768109 15.715441 15.645438 15.575435 15.528368 15.49168 15.454991 15.387317 15.317976 15.254352 15.209412 15.164473 15.119533 15.074594 15.029615 14.984574 14.939533 14.894492 14.849451 14.80441 14.759369 14.714329 14.667714
20.38662 20.228341 20.070062 19.911782 19.753503 19.595223 19.436944 19.278665 19.120385 18.962106 18.803827 18.645547 18.487268 18.35777 18.263835 18.169899 18.075964 17.982029 17.881632 17.769481 17.65733 17.545179 17.433029 17.320878 17.208727 17.096576 16.984425 16.872275 16.768723 16.729699 16.690674 16.65165 16.565912 16.476332 16.386752 16.297173 16.207593 16.118013 16.028433 15.938853 15.849273 15.759694 15.670114 15.605657 15.564705 15.494702 15.424699 15.367319 15.33063 15.293941 15.238008 15.168668 15.099327 15.052433 15.007494 14.962554 14.917615 14.872676 14.827635 14.782595 14.737554 14.692513 14.647472 14.602431 14.55739 14.512349
20.281175 20.122895 19.964616 19.806336 19.648057 19.489778 19.331498 19.173219 19.01494 18.85666 18.698381 18.540101 18.381822 18.223543 18.113966 18.020031 17.926096 17.832161 17.738225 17.630702 17.518551 17.4064 17.29425 17.182099 17.069948 16.957797 16.845646 16.733496 16.621345 16.558397 16.519373 16.480349 16.420797 16.331217 16.241638 16.152058 16.062478 15.972898 15.883318 15.793738 15.704159 15.614579 15.524999 15.443204 15.406196 15.343966 15.273962 15.206269 15.16958 15.132891 15.088699 15.019359 14.950018 14.895454 14.850515 14.805576 14.760636 14.715697 14.670697 14.625656 14.580615 14.535575 14.490534 14.445493 14.400452 14.355411
20.175729 20.017449 19.85917 19.700891 19.542611 19.384332 19.226053 19.067773 18.909494 18.751214 18.592935 18.434656 18.276376 18.118097 17.964098 17.870163 17.776227 17.682292 17.588357 17.491923 17.379772 17.267621 17.155471 17.04332 16.931169 16.819018 16.706868 16.594717 16.482566 16.387096 16.348071 16.309047 16.270023 16.186103 16.096523 16.006943 15.917363 15.827783 15.738204 15.648624 15.559044 15.469464 15.379884 15.290304 15.243743 15.19323 15.123226 15.053223 15.00853 14.971841 14.935152 14.87005 14.800709 14.738476 14.693536 14.648597 14.603657 14.558718 14.513759 14.468718 14.423677 14.378636 14.333595 14.288554 14.243514 14.198473
20.070283 19.912004 19.753724 19.595445 19.437166 19.278886 19.120607 18.962327 18.804048 18.645769 18.487489 18.32921 18.17093 18.012651 17.854372 17.720294 17.626359 17.532424 17.438489 17.344554 17.240993 17.128842 17.016692 16.904541 16.79239 16.680239 16.568089 16.455938 16.343787 16.231636 16.17677 16.137745 16.098721 16.040988 15.951408 15.861828 15.772248 15.682669 15.593089 15.503509 15.413929 15.324349 15.234769 15.14519 15.081291 15.042493 14.97249 14.902487 14.84748 14.810791 14.774103 14.720741 14.651401 14.58206 14.536557 14.491618 14.446678 14.401739 14.3568 14.31178 14.266739 14.221698 14.176657 14.131616 14.086575 14.041534
19.964837 19.806558 19.648279 19.489999 19.33172 19.17344 19.015161 18.856882 18.698602 18.540323 18.382043 18.223764 18.065485 17.907205 17.748926 17.590647 17.476491 17.382555 17.28862 17.194685 17.10075 16.990063 16.877913 16.765762 16.653611 16.54146 16.42931 16.317159 16.205008 16.092857 16.005468 15.966444 15.927419 15.888395 15.806293 15.716714 15.627134 15.537554 15.447974 15.358394 15.268814 15.179235 15.089655 15.000075 14.918838 14.881829 14.821754 14.751751 14.686431 14.649742 14.613053 14.571432 14.502092 14.432751 14.379578 14.334639 14.2897 14.24476 14.199821 14.154841 14.1098 14.06476 14.019719 13.974678 13.929637 13.884596
19.859392 19.701112 19.542833 19.384553 19.226274 19.067995 18.909715 18.751436 18.593157 18.434877 18.276598 18.118318 17.960039 17.80176 17.64348 17.485201 17.326921 17.232687 17.138752 17.044817 16.950882 16.851285 16.739134 16.626983 16.514832 16.402681 16.290531 16.17838 16.066229 15.954078 15.841928 15.795142 15.756118 15.717094 15.661179 15.571599 15.482019 15.392439 15.302859 15.213279 15.1237 15.03412 14.94454 14.85496 14.76538 14.719377 14.671018 14.601014 14.531011 14.488692 14.452003 14.415314 14.352783 14.283443 14.2226 14.17766 14.132721 14.087781 14.042842 13.997903 13.952862 13.907821 13.86278 13.817739 13.772699 13.727658
19.753946 19.595666 19.437387 19.279108 19.120828 18.962549 18.80427 18.64599 18.487711 18.329431 18.171152 18.012873 17.854593 17.696314 17.538034 17.379755 17.221476 17.082819 16.988884 16.894948 16.801013 16.707078 16.600355 16.488204 16.376053 16.263902 16.151752 16.039601 15.92745 15.815299 15.703149 15.623841 15.584816 15.545792 15.506768 15.426484 15.336904 15.247324 15.157744 15.068165 14.978585 14.889005 14.799425 14.709845 14.620265 14.556924 14.519916 14.450278 14.380275 14.327642 14.290953 14.254264 14.203474 14.134134 14.065621 14.020681 13.975742 13.930803 13.885863 13.840924 13.795924 13.750883 13.705842 13.660801 13.61576 13.570719
19.6485 19.490221 19.331941 19.173662 19.015383 18.857103 18.698824 18.540544 18.382265 18.223986 18.065706 17.907427 17.749147 17.590868 17.432589 17.274309 17.11603 16.957751 16.839015 16.74508 16.651145 16.55721 16.461576 16.349425 16.237274 16.125123 16.012973 15.900822 15.788671 15.67652 15.56437 15.452539 15.413515 15.37449 15.335466 15.281369 15.191789 15.10221 15.01263 14.92305 14.83347 14.74389 14.65431 14.564731 14.475151 14.394472 14.357463 14.299542 14.229539 14.166592 14.129903 14.093215 14.054165 13.984825 13.915484 13.863702 13.818763 13.773824 13.728884 13.683945 13.638985 13.593944 13.548904 13.503863 13.458822 13.413781
19.543054 19.384775 19.226496 19.068216 18.909937 18.751657 18.593378 18.435099 18.276819 18.11854 17.96026 17.801981 17.643702 17.485422 17.327143 17.168864 17.010584 16.852305 16.694025 16.595212 16.501276 16.407341 16.313406 16.210646 16.098495 15.986345 15.874194 15.762043 15.649892 15.537741 15.425591 15.31344 15.242213 15.203189 15.164164 15.12514 15.046675 14.957095 14.867515 14.777935 14.688355 14.598775 14.509196 14.419616 14.330036 14.240456 14.195011 14.148806 14.078803 14.008799 13.968854 13.932165 13.895476 13.835516 13.766176 13.706724 13.661784 13.616845 13.571905 13.526966 13.482027 13.437006 13.391965 13.346924 13.301884 13.256843
19.437609 19.279329 19.12105 18.96277 18.804491 18.646212 18.487932 18.329653 18.171374 18.013094 17.854815 17.696535 17.538256 17.379977 17.221697 17.063418 16.905138 16.746859 16.58858 16.445343 16.351408 16.257473 16.163538 16.069603 15.959716 15.847566 15.735415 15.623264 15.511113 15.398962 15.286812 15.174661 15.070912 15.031887 14.992863 14.953839 14.90156 14.81198 14.7224 14.63282 14.54324 14.453661 14.364081 14.274501 14.184921 14.095341 14.032558 13.995549 13.928066 13.858063 13.807804 13.771115 13.734426 13.686207 13.616867 13.549745 13.504805 13.459866 13.414927 13.369987 13.325048 13.280068 13.235027 13.189986 13.144945 13.099904
19.332163 19.173883 19.015604 18.857325 18.699045 18.540766 18.382487 18.224207 18.065928 17.907648 17.749369 17.59109 17.43281 17.274531 17.116251 16.957972 16.799693 16.641413 16.483134 16.324855 16.20154 16.107604 16.013669 15.919734 15.820937 15.708787 15.596636 15.484485 15.372334 15.260183 15.148033 15.035882 14.923731 14.860586 14.821561 14.782537 14.743513 14.666865 14.577285 14.487706 14.398126 14.308546 14.218966 14.129386 14.039806 13.950227 13.870105 13.833097 13.77733 13.707327 13.646754 13.610065 13.573376 13.536687 13.467558 13.398217 13.347827 13.302887 13.257948 13.213008 13.168069 13.123129 13.078089 13.033048 12.988007 12.942966
19.226717 19.068438 18.910158 18.751879 18.5936 18.43532 18.277041 18.118761 17.960482 17.802203 17.643923 17.485644 17.327364 17.169085 17.010806 16.852526 16.694247 16.535968 16.377688 16.219409 16.061129 15.957736 15.863801 15.769866 15.675931 15.570008 15.457857 15.345706 15.233555 15.121404 15.009254 14.897103 14.784952 14.689284 14.65026 14.611235 14.572211 14.52175 14.432171 14.342591 14.253011 14.163431 14.073851 13.984271 13.894692 13.805112 13.715532 13.670644 13.626594 13.556591 13.486587 13.449015 13.412327 13.375638 13.318249 13.248909 13.190848 13.145908 13.100969 13.056029 13.01109 12.966151 12.92115 12.876109 12.831069 12.786028
19.121271 18.962992 18.804713 18.646433 18.488154 18.329874 18.171595 18.013316 17.855036 17.696757 17.538477 17.380198 17.221919 17.063639 16.90536 16.747081 16.588801 16.430522 16.272242 16.113963 15.955684 15.807868 15.713933 15.619997 15.526062 15.431229 15.319078 15.206927 15.094776 14.982626 14.870475 14.758324 14.646173 14.534022 14.478958 14.439934 14.400909 14.361885 14.287056 14.197476 14.107896 14.018316 13.928737 13.839157 13.749577 13.659997 13.570417 13.508192 13.471183 13.405854 13.335851 13.287966 13.251277 13.214588 13.16894 13.0996 13.033869 12.988929 12.94399 12.899051 12.854111 12.809172 12.764212 12.719171 12.67413 12.629089
19.015826 18.857546 18.699267 18.540987 18.382708 18.224429 18.066149 17.90787 17.749591 17.591311 17.433032 17.274752 17.116473 16.958194 16.799914 16.641635 16.483355 16.325076 16.166797 16.008517 15.850238 15.691959 15.564064 15.470129 15.376194 15.282259 15.180299 15.068148 14.955997 14.843847 14.731696 14.619545 14.507394 14.395243 14.307657 14.268632 14.229608 14.190584 14.141941 14.052361 13.962781 13.873202 13.783622 13.694042 13.604462 13.514882 13.425302 13.345739 13.308731 13.255118 13.185115 13.126916 13.090227 13.053538 13.016849 12.950291 12.880951 12.831951 12.787011 12.742072 12.697132 12.652193 12.607254 12.562233 12.517192 12.472151
18.91038 18.7521 18.593821 18.435542 18.277262 18.118983 17.960704 17.802424 17.644145 17.485865 17.327586 17.169307 17.011027 16.852748 16.694468 16.536189 16.37791 16.21963 16.061351 15.903072 15.744792 15.586513 15.428233 15.320261 15.226325 15.13239 15.038455 14.929369 14.817218 14.705068 14.592917 14.480766 14.368615 14.256464 14.144314 14.097331 14.058306 14.019282 13.980258 13.907246 13.817667 13.728087 13.638507 13.548927 13.459347 13.369767 13.280188 13.190608 13.146278 13.104382 13.034379 12.965866 12.929177 12.892488 12.855799 12.800982 12.731642 12.674972 12.630032 12.585093 12.540153 12.495214 12.450275 12.405294 12.360254 12.315213
18.804934 18.646655 18.488375 18.330096 18.171817 18.013537 17.855258 17.696978 17.538699 17.38042 17.22214 17.063861 16.905581 16.747302 16.589023 16.430743 16.272464 16.114185 15.955905 15.797626 15.639346 15.481067 15.322788 15.170392 15.076457 14.982522 14.888587 14.79059 14.678439 14.566289 14.454138 14.341987 14.229836 14.117686 14.005535 13.926029 13.887005 13.84798 13.808956 13.762132 13.672552 13.582972 13.493392 13.403812 13.314233 13.224653 13.135073 13.045493 12.983825 12.946817 12.883643 12.813639 12.768127 12.731438 12.69475 12.651673 12.582333 12.517993 12.473053 12.428114 12.383175 12.338235 12.293296 12.248356 12.203315 12.158274
18.699488 18.541209 18.38293 18.22465 18.066371 17.908091 17.749812 17.591533 17.433253 17.274974 17.116694 16.958415 16.800136 16.641856 16.483577 16.325298 16.167018 16.008739 15.850459 15.69218 15.533901 15.375621 15.217342 15.059063 14.926589 14.832653 14.738718 14.644783 14.53966 14.42751 14.315359 14.203208 14.091057 13.978907 13.866756 13.754728 13.715703 13.676679 13.637655 13.59863 13.527437 13.437857 13.348277 13.258698 13.169118 13.079538 12.989958 12.900378 12.821373 12.784364 12.732906 12.662903 12.607078 12.570389 12.5337 12.497011 12.433024 12.363684 12.316075 12.271135 12.226196 12.181256 12.136317 12.091378 12.046377 12.001336
18.594043 18.435763 18.277484 18.119204 17.960925 17.802646 17.644366 17.486087 17.327807 17.169528 17.011249 16.852969 16.69469 16.536411 16.378131 16.219852 16.061572 15.903293 15.745014 15.586734 15.428455 15.270176 15.111896 14.953617 14.795337 14.682785 14.58885 14.494915 14.400881 14.288731 14.17658 14.064429 13.952278 13.840128 13.727977 13.615826 13.544402 13.505377 13.466353 13.427329 13.382322 13.292742 13.203163 13.113583 13.024003 12.934423 12.844843 12.755264 12.665684 12.621912 12.58217 12.512167 12.446028 12.409339 12.37265 12.335961 12.283715 12.214375 12.159096 12.114156 12.069217 12.024277 11.979338 11.934399 11.889439 11.844398
18.488597 18.330317 18.172038 18.013759 17.855479 17.6972 17.538921 17.380641 17.222362 17.064082 16.905803 16.747524 16.589244 16.430965 16.272685 16.114406 15.956127 15.797847 15.639568 15.481289 15.323009 15.16473 15.00645 14.848171 14.689892 14.532917 14.438982 14.345046 14.251111 14.149952 14.037801 13.92565 13.813499 13.701349 13.589198 13.477047 13.3731 13.334076 13.295051 13.256027 13.217003 13.147628 13.058048 12.968468 12.878888 12.789308 12.699729 12.610149 12.520569 12.459459 12.422451 12.361431 12.291427 12.248289 12.2116 12.174911 12.134406 12.065066 12.002117 11.957177 11.912238 11.867299 11.822359 11.77742 11.73248 11.687459
18.383151 18.224872 18.066592 17.908313 17.750034 17.591754 17.433475 17.275195 17.116916 16.958637 16.800357 16.642078 16.483798 16.325519 16.16724 16.00896 15.850681 15.692402 15.534122 15.375843 15.217563 15.059284 14.901005 14.742725 14.584446 14.426167 14.289113 14.195178 14.101243 14.007308 13.899022 13.786871 13.67472 13.56257 13.450419 13.338268 13.226117 13.162774 13.12375 13.084725 13.045701 13.002513 12.912933 12.823353 12.733773 12.644194 12.554614 12.465034 12.375454 12.297006 12.259998 12.210694 12.140691 12.087239 12.05055 12.013862 11.977173 11.915757 11.846417 11.800199 11.755259 11.71032 11.66538 11.620441 11.575502 11.530521
