RainfallinfiltrationTutorialFinal/RainfallInfiltration/shape/triMeshLc.asc
NCOLS 691
NROWS 484
XLLCORNER 720771.71
YLLCORNER 1164522.2
DX 5.0010304
DY 5.0099876
NODATA_VALUE -9999
[rows 150 to 179 of 484, columns 396 to 461 of 691]
14.607519 14.505309 14.403098 14.300888 14.198677 14.096466 14.003026 13.914788 13.82655 13.738312 13.650074 13.561836 13.494772 13.453246 13.41172 13.363544 13.298347 13.233149 13.167951 13.102753 13.037555 12.972357 12.90716 12.841962 12.776764 12.711566 12.646368 12.58117 12.515973 12.450775 12.385577 12.320379 12.255181 12.189983 12.124785 12.059588 11.99439 11.929192 11.863994 11.798796 11.733598 11.668401 11.603203 11.538005 11.496542 11.476913 11.457285 11.437656 11.418028 11.398399 11.378771 11.359142 11.339514 11.319885 11.300257 11.280628 11.261 11.241371 11.209844 11.170682 11.159458 11.164383 11.191822 11.219262 11.246701 11.274141
14.563557 14.461346 14.359136 14.256925 14.154714 14.052504 13.950293 13.857621 13.769383 13.681145 13.592907 13.504669 13.416431 13.35641 13.314884 13.273359 13.222477 13.157279 13.092081 13.026883 12.961686 12.896488 12.83129 12.766092 12.700894 12.635696 12.570499 12.505301 12.440103 12.374905 12.309707 12.244509 12.179312 12.114114 12.048916 11.983718 11.91852 11.853322 11.788125 11.722927 11.657729 11.592531 11.527333 11.462135 11.401203 11.381574 11.361946 11.342318 11.322689 11.303061 11.283432 11.263804 11.244175 11.224547 11.204918 11.18529 11.165661 11.146033 11.118519 11.079357 11.059469 11.059832 11.086574 11.114013 11.141453 11.168892
14.519594 14.417384 14.315173 14.212962 14.110752 14.008541 13.90633 13.80412 13.712216 13.623978 13.53574 13.447502 13.359264 13.271026 13.218048 13.176522 13.134997 13.08141 13.016212 12.951014 12.885816 12.820618 12.75542 12.690223 12.625025 12.559827 12.494629 12.429431 12.364233 12.299036 12.233838 12.16864 12.103442 12.038244 11.973046 11.907848 11.842651 11.777453 11.712255 11.647057 11.581859 11.516661 11.451464 11.386266 11.321068 11.286236 11.266607 11.246979 11.22735 11.207722 11.188093 11.168465 11.148837 11.129208 11.10958 11.089951 11.070323 11.050694 11.027194 10.988032 10.95948 10.959843 10.981325 11.008765 11.036204 11.063644
14.475632 14.373421 14.271211 14.169 14.066789 13.964579 13.862368 13.760157 13.657947 13.566811 13.478573 13.390335 13.302097 13.213859 13.125621 13.079686 13.038161 12.996635 12.940342 12.875144 12.809946 12.744749 12.679551 12.614353 12.549155 12.483957 12.418759 12.353562 12.288364 12.223166 12.157968 12.09277 12.027572 11.962375 11.897177 11.831979 11.766781 11.701583 11.636385 11.571188 11.50599 11.440792 11.375594 11.310396 11.245198 11.190897 11.171269 11.15164 11.132012 11.112383 11.092755 11.073126 11.053498 11.033869 11.014241 10.994613 10.974984 10.955356 10.935727 10.896707 10.859492 10.859854 10.876077 10.903516 10.930956 10.958395
14.431669 14.329459 14.227248 14.125037 14.022827 13.920616 13.818405 13.716195 13.613984 13.511773 13.421406 13.333168 13.24493 13.156692 13.068454 12.98285 12.941324 12.899799 12.858273 12.799275 12.734077 12.668879 12.603681 12.538483 12.473286 12.408088 12.34289 12.277692 12.212494 12.147296 12.082099 12.016901 11.951703 11.886505 11.821307 11.756109 11.690911 11.625714 11.560516 11.495318 11.43012 11.364922 11.299724 11.234527 11.169329 11.104131 11.07593 11.056302 11.036673 11.017045 10.997416 10.977788 10.958159 10.938531 10.918902 10.899274 10.879645 10.860017 10.840388 10.805382 10.76622 10.759865 10.770828 10.798268 10.825707 10.853146
14.387707 14.285496 14.183285 14.081075 13.978864 13.876653 13.774443 13.672232 13.570022 13.467811 13.3656 13.276 13.187762 13.099524 13.011286 12.923049 12.844488 12.802963 12.761437 12.719911 12.658207 12.593009 12.527812 12.462614 12.397416 12.332218 12.26702 12.201822 12.136625 12.071427 12.006229 11.941031 11.875833 11.810635 11.745438 11.68024 11.615042 11.549844 11.484646 11.419448 11.354251 11.289053 11.223855 11.158657 11.093459 11.028261 10.980592 10.960963 10.941335 10.921706 10.902078 10.882449 10.862821 10.843192 10.823564 10.803935 10.784307 10.764678 10.74505 10.714057 10.674895 10.659876 10.66558 10.693019 10.720459 10.747898
14.343744 14.241533 14.139323 14.037112 13.934902 13.832691 13.73048 13.62827 13.526059 13.423848 13.321638 13.219427 13.130595 13.042357 12.954119 12.865881 12.777643 12.706127 12.664601 12.623075 12.58155 12.51714 12.451942 12.386744 12.321546 12.256349 12.191151 12.125953 12.060755 11.995557 11.930359 11.865162 11.799964 11.734766 11.669568 11.60437 11.539172 11.473974 11.408777 11.343579 11.278381 11.213183 11.147985 11.082787 11.01759 10.952392 10.887194 10.865625 10.845996 10.826368 10.806739 10.787111 10.767482 10.747854 10.728225 10.708597 10.688968 10.66934 10.649711 10.622732 10.58357 10.559887 10.560331 10.587771 10.61521 10.642649
14.299782 14.197571 14.09536 13.99315 13.890939 13.788728 13.686518 13.584307 13.482096 13.379886 13.277675 13.175464 13.073428 12.98519 12.896952 12.808714 12.720476 12.632238 12.567765 12.526239 12.484713 12.44127 12.376072 12.310875 12.245677 12.180479 12.115281 12.050083 11.984885 11.919688 11.85449 11.789292 11.724094 11.658896 11.593698 11.528501 11.463303 11.398105 11.332907 11.267709 11.202511 11.137314 11.072116 11.006918 10.94172 10.876522 10.811324 10.770286 10.750658 10.731029 10.711401 10.691772 10.672144 10.652515 10.632887 10.613258 10.59363 10.574001 10.554373 10.531407 10.492245 10.459899 10.460261 10.482522 10.509961 10.537401
14.255819 14.153608 14.051398 13.949187 13.846976 13.744766 13.642555 13.540344 13.438134 13.335923 13.233713 13.131502 13.029291 12.928023 12.839785 12.751547 12.663309 12.575071 12.486833 12.429403 12.387877 12.346352 12.300203 12.235005 12.169807 12.104609 12.039412 11.974214 11.909016 11.843818 11.77862 11.713422 11.648224 11.583027 11.517829 11.452631 11.387433 11.322235 11.257037 11.19184 11.126642 11.061444 10.996246 10.931048 10.86585 10.800653 10.735455 10.674947 10.655319 10.635691 10.616062 10.596434 10.576805 10.557177 10.537548 10.51792 10.498291 10.478663 10.459034 10.439406 10.40092 10.361758 10.360272 10.377273 10.404713 10.432152
14.211856 14.109646 14.007435 13.905225 13.803014 13.700803 13.598593 13.496382 13.394171 13.291961 13.18975 13.087539 12.985329 12.883118 12.782618 12.69438 12.606142 12.517904 12.429666 12.341428 12.291041 12.249515 12.20799 12.159135 12.093938 12.02874 11.963542 11.898344 11.833146 11.767948 11.702751 11.637553 11.572355 11.507157 11.441959 11.376761 11.311564 11.246366 11.181168 11.11597 11.050772 10.985574 10.920377 10.855179 10.789981 10.724783 10.659585 10.594387 10.55998 10.540352 10.520723 10.501095 10.481466 10.461838 10.44221 10.422581 10.402953 10.383324 10.363696 10.344067 10.309595 10.270433 10.260283 10.272025 10.299464 10.326904
14.167894 14.065683 13.963473 13.861262 13.759051 13.656841 13.55463 13.452419 13.350209 13.247998 13.145787 13.043577 12.941366 12.839155 12.736945 12.637213 12.548975 12.460737 12.372499 12.284261 12.196023 12.152679 12.111154 12.069628 12.018068 11.95287 11.887672 11.822475 11.757277 11.692079 11.626881 11.561683 11.496485 11.431287 11.36609 11.300892 11.235694 11.170496 11.105298 11.0401 10.974903 10.909705 10.844507 10.779309 10.714111 10.648913 10.583716 10.518518 10.464642 10.445013 10.425385 10.405756 10.386128 10.366499 10.346871 10.327242 10.307614 10.287986 10.268357 10.248729 10.21827 10.179108 10.160294 10.166776 10.194216 10.221655
14.123931 14.021721 13.91951 13.817299 13.715089 13.612878 13.510667 13.408457 13.306246 13.204036 13.101825 12.999614 12.897404 12.795193 12.692982 12.590772 12.491808 12.40357 12.315332 12.227094 12.138856 12.055843 12.014318 11.972792 11.931266 11.877001 11.811803 11.746605 11.681407 11.616209 11.551011 11.485814 11.420616 11.355418 11.29022 11.225022 11.159824 11.094627 11.029429 10.964231 10.899033 10.833835 10.768637 10.70344 10.638242 10.573044 10.507846 10.442648 10.37745 10.349675 10.330046 10.310418 10.290789 10.271161 10.251532 10.231904 10.212275 10.192647 10.173018 10.15339 10.126945 10.087783 10.060306 10.061528 10.088967 10.116407
14.079969 13.977758 13.875548 13.773337 13.671126 13.568916 13.466705 13.364494 13.262284 13.160073 13.057862 12.955652 12.853441 12.75123 12.64902 12.546809 12.444598 12.346403 12.258165 12.169927 12.081689 11.993451 11.917481 11.875956 11.83443 11.792904 11.735933 11.670735 11.605538 11.54034 11.475142 11.409944 11.344746 11.279548 11.21435 11.149153 11.083955 11.018757 10.953559 10.888361 10.823163 10.757966 10.692768 10.62757 10.562372 10.497174 10.431976 10.366779 10.301581 10.254336 10.234708 10.215079 10.195451 10.175822 10.156194 10.136565 10.116937 10.097308 10.07768 10.058051 10.03562 9.996458 9.9603165 9.9606794 9.9837187 10.011158
14.036006 13.933796 13.831585 13.729374 13.627164 13.524953 13.422742 13.320532 13.218321 13.11611 13.0139 12.911689 12.809478 12.707268 12.605057 12.502847 12.400636 12.298425 12.200998 12.11276 12.024522 11.936284 11.848046 11.77912 11.737594 11.696068 11.654543 11.594866 11.529668 11.46447 11.399272 11.334074 11.268877 11.203679 11.138481 11.073283 11.008085 10.942887 10.87769 10.812492 10.747294 10.682096 10.616898 10.5517 10.486502 10.421305 10.356107 10.290909 10.225711 10.160513 10.139369 10.119741 10.100112 10.080484 10.060855 10.041227 10.021598 10.00197 9.9823413 9.9627128 9.9430843 9.9051331 9.8659708 9.8606905 9.8784702 9.9059096
13.992044 13.889833 13.787622 13.685412 13.583201 13.48099 13.37878 13.276569 13.174358 13.072148 12.969937 12.867727 12.765516 12.663305 12.561095 12.458884 12.356673 12.254463 12.152252 12.055593 11.967355 11.879117 11.790879 11.702641 11.640758 11.599232 11.557706 11.516181 11.453798 11.3886 11.323403 11.258205 11.193007 11.127809 11.062611 10.997413 10.932216 10.867018 10.80182 10.736622 10.671424 10.606226 10.541029 10.475831 10.410633 10.345435 10.280237 10.215039 10.149842 10.084644 10.044031 10.024402 10.004774 9.9851451 9.9655166 9.9458882 9.9262597 9.9066312 9.8870027 9.8673742 9.8477457 9.8138082 9.7746459 9.7607015 9.7732216 9.800661
13.948081 13.84587 13.74366 13.641449 13.539239 13.437028 13.334817 13.232607 13.130396 13.028185 12.925975 12.823764 12.721553 12.619343 12.517132 12.414921 12.312711 12.2105 12.108289 12.006079 11.910188 11.82195 11.733712 11.645474 11.557236 11.502396 11.46087 11.419345 11.377819 11.312731 11.247533 11.182335 11.117137 11.05194 10.986742 10.921544 10.856346 10.791148 10.72595 10.660753 10.595555 10.530357 10.465159 10.399961 10.334763 10.269565 10.204368 10.13917 10.073972 10.008774 9.948692 9.9290635 9.909435 9.8898065 9.8701781 9.8505496 9.8309211 9.8112926 9.7916641 9.7720356 9.7524072 9.7224833 9.6833209 9.6607125 9.6679731 9.6954125
13.904119 13.801908 13.699697 13.597487 13.495276 13.393065 13.290855 13.188644 13.086433 12.984223 12.882012 12.779801 12.677591 12.57538 12.473169 12.370959 12.268748 12.166538 12.064327 11.962116 11.859906 11.764783 11.676545 11.588307 11.500069 11.411831 11.364034 11.322509 11.280983 11.236861 11.171663 11.106466 11.041268 10.97607 10.910872 10.845674 10.780476 10.715279 10.650081 10.584883 10.519685 10.454487 10.389289 10.324092 10.258894 10.193696 10.128498 10.0633 9.9981024 9.9329045 9.8677067 9.8337249 9.8140964 9.794468 9.7748395 9.755211 9.7355825 9.715954 9.6963255 9.6766971 9.6570686 9.6311583 9.591996 9.5607235 9.5627246 9.590164
13.875254 13.759968 13.655735 13.553524 13.451313 13.349103 13.246892 13.144681 13.042471 12.94026 12.83805 12.735839 12.633628 12.531418 12.429207 12.326996 12.224786 12.122575 12.020364 11.918154 11.815943 11.713732 11.619378 11.53114 11.442902 11.354664 11.267198 11.225672 11.184147 11.142621 11.095794 11.030596 10.965398 10.9002 10.835003 10.769805 10.704607 10.639409 10.574211 10.509013 10.443816 10.378618 10.31342 10.248222 10.183024 10.117826 10.052628 9.9874306 9.9222328 9.857035 9.7918371 9.7383863 9.7187579 9.6991294 9.6795009 9.6598724 9.6402439 9.6206155 9.600987 9.5813585 9.56173 9.5398334 9.5006711 9.4615087 9.4610975 9.4849154
13.849237 13.733951 13.618666 13.509562 13.407351 13.30514 13.20293 13.100719 12.998508 12.896298 12.794087 12.691876 12.589666 12.487455 12.385244 12.283034 12.180823 12.078612 11.976402 11.874191 11.77198 11.66977 11.567559 11.473973 11.385735 11.297497 11.209259 11.128836 11.087311 11.045785 11.004259 10.954726 10.889529 10.824331 10.759133 10.693935 10.628737 10.563539 10.498342 10.433144 10.367946 10.302748 10.23755 10.172352 10.107155 10.041957 9.9767589 9.911561 9.8463632 9.7811654 9.7159675 9.6507697 9.6234193 9.6037908 9.5841623 9.5645338 9.5449054 9.5252769 9.5056484 9.4860199 9.4663914 9.4467629 9.4093461 9.3701838 9.3611085 9.3796669
13.823221 13.707935 13.592649 13.477363 13.363388 13.261178 13.158967 13.056756 12.954546 12.852335 12.750124 12.647914 12.545703 12.443492 12.341282 12.239071 12.136861 12.03465 11.932439 11.830229 11.728018 11.625807 11.523597 11.421386 11.328568 11.24033 11.152092 11.063854 10.990474 10.948949 10.907423 10.865897 10.813659 10.748461 10.683263 10.618066 10.552868 10.48767 10.422472 10.357274 10.292076 10.226878 10.161681 10.096483 10.031285 9.9660871 9.9008893 9.8356915 9.7704936 9.7052958 9.6400979 9.5749001 9.5280807 9.5084522 9.4888237 9.4691953 9.4495668 9.4299383 9.4103098 9.3906813 9.3710529 9.3514244 9.3180212 9.2788589 9.2611195 9.2744183
13.797204 13.681918 13.566632 13.451346 13.33606 13.220774 13.115004 13.012794 12.910583 12.808373 12.706162 12.603951 12.501741 12.39953 12.297319 12.195109 12.092898 11.990687 11.888477 11.786266 11.684055 11.581845 11.479634 11.377423 11.275213 11.183163 11.094925 11.006687 10.918449 10.852113 10.810587 10.769061 10.727536 10.672592 10.607394 10.542196 10.476998 10.4118 10.346602 10.281405 10.216207 10.151009 10.085811 10.020613 9.9554154 9.8902176 9.8250197 9.7598219 9.694624 9.6294262 9.5642284 9.4990305 9.4338327 9.4131136 9.3934852 9.3738567 9.3542282 9.3345997 9.3149712 9.2953428 9.2757143 9.2560858 9.2266963 9.1875339 9.1611305 9.1691698
13.771187 13.655901 13.540616 13.42533 13.310044 13.194758 13.079472 12.968831 12.866621 12.76441 12.662199 12.559989 12.457778 12.355567 12.253357 12.151146 12.048935 11.946725 11.844514 11.742303 11.640093 11.537882 11.435672 11.333461 11.23125 11.12904 11.037758 10.94952 10.861282 10.773044 10.713751 10.672225 10.6307 10.589174 10.531524 10.466326 10.401129 10.335931 10.270733 10.205535 10.140337 10.075139 10.009941 9.9447436 9.8795458 9.814348 9.7491501 9.6839523 9.6187545 9.5535566 9.4883588 9.4231609 9.3579631 9.3177751 9.2981466 9.2785181 9.2588896 9.2392611 9.2196327 9.2000042 9.1803757 9.1607472 9.1353713 9.096209 9.0611416 9.0639212
13.745171 13.629885 13.514599 13.399313 13.284027 13.168741 13.053455 12.938169 12.822883 12.720447 12.618237 12.516026 12.413815 12.311605 12.209394 12.107183 12.004973 11.902762 11.800552 11.698341 11.59613 11.49392 11.391709 11.289498 11.187288 11.085077 10.982866 10.892352 10.804114 10.715876 10.627638 10.575389 10.533863 10.492338 10.450812 10.390457 10.325259 10.260061 10.194863 10.129665 10.064468 9.9992697 9.9340719 9.8688741 9.8036762 9.7384784 9.6732805 9.6080827 9.5428849 9.477687 9.4124892 9.3472913 9.2820935 9.2224365 9.202808 9.1831795 9.163551 9.1439226 9.1242941 9.1046656 9.0850371 9.0654086 9.0440464 9.0048841 8.9657218 8.9615155
13.719154 13.603868 13.488582 13.373296 13.25801 13.142724 13.027439 12.912153 12.796867 12.681581 12.574274 12.472064 12.369853 12.267642 12.165432 12.063221 11.96101 11.8588 11.756589 11.654378 11.552168 11.449957 11.347746 11.245536 11.143325 11.041114 10.938904 10.836693 10.746947 10.658709 10.570471 10.482233 10.437027 10.395502 10.353976 10.31245 10.249389 10.184192 10.118994 10.053796 9.988598 9.9234002 9.8582023 9.7930045 9.7278066 9.6626088 9.597411 9.5322131 9.4670153 9.4018174 9.3366196 9.2714218 9.2062239 9.1410261 9.1074694 9.087841 9.0682125 9.048584 9.0289555 9.009327 8.9896985 8.9700701 8.9504416 8.9135592 8.8743968 8.8615265
13.693137 13.577852 13.462566 13.34728 13.231994 13.116708 13.001422 12.886136 12.77085 12.655564 12.540278 12.428101 12.32589 12.22368 12.121469 12.019258 11.917048 11.814837 11.712626 11.610416 11.508205 11.405994 11.303784 11.201573 11.099363 10.997152 10.894941 10.792731 10.69052 10.601542 10.513304 10.425066 10.340191 10.298665 10.25714 10.215614 10.17352 10.108322 10.043124 9.9779262 9.9127284 9.8475306 9.7823327 9.7171349 9.6519371 9.5867392 9.5215414 9.4563435 9.3911457 9.3259479 9.26075 9.1955522 9.1303543 9.0651565 9.0121309 8.9925024 8.9728739 8.9532454 8.9336169 8.9139884 8.89436 8.8747315 8.855103 8.8222342 8.7830719 8.7615375
13.667121 13.551835 13.436549 13.321263 13.205977 13.090691 12.975405 12.860119 12.744833 12.629547 12.514262 12.398976 12.28369 12.179717 12.077506 11.975296 11.873085 11.770875 11.668664 11.566453 11.464243 11.362032 11.259821 11.157611 11.0554 10.953189 10.850979 10.748768 10.646557 10.544375 10.456137 10.367899 10.279661 10.201829 10.160304 10.118778 10.077252 10.032452 9.9672545 9.9020567 9.8368588 9.771661 9.7064631 9.6412653 9.5760675 9.5108696 9.4456718 9.3804739 9.3152761 9.2500783 9.1848804 9.1196826 9.0544848 8.9892869 8.9240891 8.8971638 8.8775353 8.8579068 8.8382783 8.8186499 8.7990214 8.7793929 8.7597644 8.7309093 8.691747 8.6615486
13.641104 13.525818 13.410532 13.295246 13.17996 13.064675 12.949389 12.834103 12.718817 12.603531 12.488245 12.372959 12.257673 12.142387 12.033544 11.931333 11.829123 11.726912 11.624701 11.522491 11.42028 11.318069 11.215859 11.113648 11.011437 10.909227 10.807016 10.704805 10.602595 10.500384 10.39897 10.310732 10.222494 10.134256 10.063467 10.021942 9.9804162 9.9388905 9.8913849 9.8261871 9.7609892 9.6957914 9.6305936 9.5653957 9.5001979 9.435 9.3698022 9.3046044 9.2394065 9.1742087 9.1090108 9.043813 8.9786152 8.9134173 8.8482195 8.8018252 8.7821967 8.7625683 8.7429398 8.7233113 8.7036828 8.6840543 8.6644258 8.6395844 8.600422 8.5615596
13.615087 13.499802 13.384516 13.26923 13.153944 13.038658 12.923372 12.808086 12.6928 12.577514 12.462228 12.346942 12.231656 12.11637 12.001085 11.887371 11.78516 11.682949 11.580739 11.478528 11.376317 11.274107 11.171896 11.069686 10.967475 10.865264 10.763054 10.660843 10.558632 10.456422 10.354211 10.253565 10.165327 10.077089 9.9888512 9.9251057 9.88358 9.8420544 9.8005287 9.7503175 9.6851197 9.6199218 9.554724 9.4895261 9.4243283 9.3591305 9.2939326 9.2287348 9.1635369 9.0983391 9.0331413 8.9679434 8.9027456 8.8375477 8.7723499 8.7071521 8.6868582 8.6672297 8.6476012 8.6279727 8.6083442 8.5887157 8.5690873 8.5482594 8.5090971 8.4699348
13.589071 13.473785 13.358499 13.243213 13.127927 13.012641 12.897355 12.782069 12.666783 12.551497 12.436212 12.320926 12.20564 12.090354 11.975068 11.859782 11.744496 11.638987 11.536776 11.434566 11.332355 11.230144 11.127934 11.025723 10.923512 10.821302 10.719091 10.61688 10.51467 10.412459 10.310248 10.208038 10.10816 10.019922 9.9316841 9.8434461 9.7867439 9.7452182 9.7036926 9.6621669 9.6092501 9.5440522 9.4788544 9.4136566 9.3484587 9.2832609 9.218063 9.1528652 9.0876674 9.0224695 8.9572717 8.8920738 8.826876 8.7616782 8.6964803 8.6312825 8.5915196 8.5718911 8.5522626 8.5326341 8.5130056 8.4933772 8.4737487 8.4541202 8.4177722 8.3786098
13.563054 13.447768 13.332482 13.217196 13.10191 12.986625 12.871339 12.756053 12.640767 12.525481 12.410195 12.294909 12.179623 12.064337 11.949051 11.833765 11.718479 11.603193 11.492814 11.390603 11.288392 11.186182 11.083971 10.98176 10.87955 10.777339 10.675128 10.572918 10.470707 10.368497 10.266286 10.164075 10.061865 9.962755 9.874517 9.786279 9.6980411 9.6483821 9.6068564 9.5653308 9.5238051 9.4681826 9.4029848 9.337787 9.2725891 9.2073913 9.1421934 9.0769956 9.0117978 8.9465999 8.8814021 8.8162043 8.7510064 8.6858086 8.6206107 8.5554129 8.496181 8.4765525 8.456924 8.4372956 8.4176671 8.3980386 8.3784101 8.3587816 8.3264472 8.2872849
