RainfallinfiltrationTutorialFinal/RainfallInfiltration/shape/triMeshLc.asc
NCOLS 691
NROWS 484
XLLCORNER 720771.71
YLLCORNER 1164522.2
DX 5.0010304
DY 5.0099876
NODATA_VALUE -9999
[rows 180 to 209 of 484, columns 396 to 461 of 691]
13.537037 13.421752 13.306466 13.19118 13.075894 12.960608 12.845322 12.730036 12.61475 12.499464 12.384178 12.268892 12.153606 12.03832 11.923035 11.807749 11.692463 11.577177 11.461891 11.34664 11.24443 11.142219 11.040008 10.937798 10.835587 10.733377 10.631166 10.528955 10.426745 10.324534 10.222323 10.120113 10.017902 9.9156914 9.81735 9.729112 9.640874 9.552636 9.5100203 9.4684946 9.426969 9.3854433 9.3271152 9.2619174 9.1967195 9.1315217 9.0663239 9.001126 8.9359282 8.8707303 8.8055325 8.7403347 8.6751368 8.609939 8.5447411 8.4795433 8.4143455 8.3812139 8.3615855 8.341957 8.3223285 8.3027 8.2830715 8.263443 8.2351223 8.19596
13.511021 13.395735 13.280449 13.165163 13.049877 12.934591 12.819305 12.704019 12.588733 12.473448 12.358162 12.242876 12.12759 12.012304 11.897018 11.781732 11.666446 11.55116 11.435874 11.320588 11.205302 11.098257 10.996046 10.893835 10.791625 10.689414 10.587203 10.484993 10.382782 10.280571 10.178361 10.07615 9.9739394 9.8717288 9.7695181 9.6719449 9.5837069 9.4954689 9.4131842 9.3716585 9.3301328 9.2886072 9.2470815 9.1860478 9.12085 9.0556521 8.9904543 8.9252564 8.8600586 8.7948608 8.7296629 8.6644651 8.5992672 8.5340694 8.4688716 8.4036737 8.3384759 8.2858754 8.2662469 8.2466184 8.2269899 8.2073614 8.187733 8.1681045 8.1437974 8.1046351
13.497892 13.374191 13.254432 13.139146 13.02386 12.908575 12.793289 12.678003 12.562717 12.447431 12.332145 12.216859 12.101573 11.986287 11.871001 11.755715 11.640429 11.525143 11.409858 11.294572 11.179286 11.064 10.952083 10.849873 10.747662 10.645451 10.543241 10.44103 10.338819 10.236609 10.134398 10.032188 9.9299769 9.8277662 9.7255556 9.6233449 9.5265398 9.4383019 9.3500639 9.2748223 9.2332967 9.191771 9.1502453 9.1087197 9.0449804 8.9797825 8.9145847 8.8493869 8.784189 8.7189912 8.6537933 8.5885955 8.5233977 8.4581998 8.393002 8.3278041 8.2626063 8.1974085 8.1709083 8.1512798 8.1316513 8.1120229 8.0923944 8.0727659 8.0524725 8.0133101
13.488665 13.364965 13.241264 13.117564 12.997844 12.882558 12.767272 12.651986 12.5367 12.421414 12.306128 12.190842 12.075556 11.96027 11.844985 11.729699 11.614413 11.499127 11.383841 11.268555 11.153269 11.037983 10.922697 10.807411 10.7037 10.601489 10.499278 10.397068 10.294857 10.192646 10.090436 9.988225 9.8860143 9.7838037 9.681593 9.5793824 9.4771717 9.3811348 9.2928968 9.2046588 9.1364605 9.0949349 9.0534092 9.0118835 8.9691108 8.9039129 8.8387151 8.7735173 8.7083194 8.6431216 8.5779237 8.5127259 8.4475281 8.3823302 8.3171324 8.2519346 8.1867367 8.1215389 8.0755697 8.0559412 8.0363128 8.0166843 7.9970558 7.9774273 7.9577988 7.9219852
13.393366 13.339432 13.232038 13.108337 12.984637 12.860936 12.741255 12.625969 12.510683 12.395398 12.280112 12.164826 12.04954 11.934254 11.818968 11.703682 11.588396 11.47311 11.357824 11.242538 11.127252 11.011966 10.896681 10.781395 10.666109 10.557526 10.455316 10.353105 10.250894 10.148684 10.046473 9.9442624 9.8420518 9.7398411 9.6376305 9.5354198 9.4332092 9.3309985 9.2357297 9.1474917 9.0592537 8.9980987 8.9565731 8.9150474 8.8735217 8.8280434 8.7628455 8.6976477 8.6324498 8.567252 8.5020542 8.4368563 8.3716585 8.3064606 8.2412628 8.176065 8.1108671 8.0456693 7.9804714 7.9606027 7.9409742 7.9213457 7.9017172 7.8820887 7.8624603 7.8306603
13.235103 13.181169 13.127235 13.073301 12.97541 12.85171 12.728009 12.604309 12.484667 12.369381 12.254095 12.138809 12.023523 11.908237 11.792951 11.677665 11.562379 11.447093 11.331808 11.216522 11.101236 10.98595 10.870664 10.755378 10.640092 10.524806 10.411353 10.309142 10.206932 10.104721 10.002511 9.9002999 9.7980892 9.6958786 9.5936679 9.4914573 9.3892466 9.287036 9.1848253 9.0903247 9.0020867 8.9138487 8.8597369 8.8182113 8.7766856 8.7351599 8.6869759 8.6217781 8.5565803 8.4913824 8.4261846 8.3609867 8.2957889 8.2305911 8.1653932 8.1001954 8.0349975 7.9697997 7.9046019 7.8652641 7.8456356 7.8260071 7.8063786 7.7867502 7.7671217 7.7393353
13.07684 13.022906 12.968972 12.915038 12.861103 12.807169 12.718783 12.595082 12.471382 12.347681 12.228078 12.112792 11.997506 11.882221 11.766935 11.651649 11.536363 11.421077 11.305791 11.190505 11.075219 10.959933 10.844647 10.729361 10.614075 10.498789 10.383503 10.268218 10.162969 10.060759 9.958548 9.8563373 9.7541267 9.651916 9.5497054 9.4474947 9.3452841 9.2430734 9.1408628 9.0386521 8.9449196 8.8566816 8.7684436 8.7213751 8.6798495 8.6383238 8.5967981 8.5459085 8.4807107 8.4155128 8.350315 8.2851172 8.2199193 8.1547215 8.0895236 8.0243258 7.959128 7.8939301 7.8287323 7.7699255 7.750297 7.7306685 7.7110401 7.6914116 7.6717831 7.6480104
12.918577 12.864643 12.810709 12.756775 12.70284 12.648906 12.594972 12.541038 12.462155 12.338455 12.214755 12.091054 11.97149 11.856204 11.740918 11.625632 11.510346 11.39506 11.279774 11.164488 11.049202 10.933916 10.818631 10.703345 10.588059 10.472773 10.357487 10.242201 10.126915 10.016796 9.9145854 9.8123747 9.7101641 9.6079535 9.5057428 9.4035322 9.3013215 9.1991109 9.0969002 8.9946896 8.8924789 8.7995146 8.7112766 8.624539 8.5830133 8.5414877 8.499962 8.4584363 8.4048411 8.3396432 8.2744454 8.2092476 8.1440497 8.0788519 8.013654 7.9484562 7.8832584 7.8180605 7.7528627 7.6876649 7.6549584 7.63533 7.6157015 7.596073 7.5764445 7.5566855
12.760314 12.70638 12.652446 12.598512 12.544577 12.490643 12.436709 12.382775 12.328841 12.274907 12.205528 12.081828 11.958127 11.834427 11.714901 11.599615 11.484329 11.369044 11.253758 11.138472 11.023186 10.9079 10.792614 10.677328 10.562042 10.446756 10.33147 10.216184 10.100898 9.9856124 9.8706228 9.7684122 9.6662015 9.5639909 9.4617802 9.3595696 9.2573589 9.1551483 9.0529376 8.950727 8.8485164 8.7463057 8.6541095 8.5658715 8.4861772 8.4446515 8.4031259 8.3616002 8.3200745 8.2637737 8.1985758 8.133378 8.0681801 8.0029823 7.9377845 7.8725866 7.8073888 7.7421909 7.6769931 7.6117953 7.5596199 7.5399914 7.5203629 7.5007344 7.4811059 7.4614775
12.602051 12.548117 12.494183 12.440249 12.386314 12.33238 12.278446 12.224512 12.170578 12.116644 12.062709 12.008775 11.948901 11.8252 11.7015 11.577799 11.458313 11.343027 11.227741 11.112455 10.997169 10.881883 10.766597 10.651311 10.536025 10.420739 10.305454 10.190168 10.074882 9.9595957 9.8443098 9.7290239 9.622239 9.5200283 9.4178177 9.315607 9.2133964 9.1111857 9.0089751 8.9067644 8.8045538 8.7023431 8.6001325 8.5087044 8.4204664 8.3478154 8.3062897 8.2647641 8.2232384 8.1817127 8.1227062 8.0575084 7.9923106 7.9271127 7.8619149 7.796717 7.7315192 7.6663214 7.6011235 7.5359257 7.4707278 7.4446528 7.4250243 7.4053958 7.3857674 7.3661389
12.443788 12.389854 12.33592 12.281986 12.228051 12.174117 12.120183 12.066249 12.012315 11.958381 11.904446 11.850512 11.796578 11.742644 11.68871 11.568573 11.444872 11.321172 11.201724 11.086438 10.971152 10.855866 10.740581 10.625295 10.510009 10.394723 10.279437 10.164151 10.048865 9.9335791 9.8182932 9.7030072 9.5877213 9.4760658 9.3738551 9.2716445 9.1694338 9.0672232 8.9650125 8.8628019 8.7605912 8.6583806 8.5561699 8.4539593 8.3632994 8.2750614 8.2094536 8.1679279 8.1264023 8.0848766 8.0433509 7.9816388 7.916441 7.8512431 7.7860453 7.7208475 7.6556496 7.5904518 7.5252539 7.4600561 7.3948583 7.3493142 7.3296857 7.3100573 7.2904288 7.2708003
12.285525 12.231591 12.177657 12.123723 12.069788 12.015854 11.96192 11.907986 11.854052 11.800118 11.746183 11.692249 11.638315 11.584381 11.530447 11.476512 11.422578 11.311945 11.188245 11.064544 10.945136 10.82985 10.714564 10.599278 10.483992 10.368706 10.25342 10.138134 10.022848 9.9075624 9.7922765 9.6769906 9.5617047 9.4464187 9.3311328 9.2276819 9.1254713 9.0232606 8.92105 8.8188393 8.7166287 8.614418 8.5122074 8.4099967 8.3077861 8.2178943 8.1296563 8.0710918 8.0295661 7.9880405 7.9465148 7.9049891 7.8405714 7.7753735 7.7101757 7.6449779 7.57978 7.5145822 7.4493844 7.3841865 7.3189887 7.2539757 7.2343472 7.2147187 7.1950902 7.1754617
12.127262 12.073328 12.019394 11.96546 11.911525 11.857591 11.803657 11.749723 11.695789 11.641855 11.58792 11.533986 11.480052 11.426118 11.372184 11.318249 11.264315 11.210381 11.156447 11.055318 10.931617 10.807917 10.688547 10.573261 10.457975 10.342689 10.227404 10.112118 9.9968317 9.8815458 9.7662598 9.6509739 9.535688 9.4204021 9.3051161 9.1898302 9.0815087 8.9792981 8.8770874 8.7748768 8.6726661 8.5704555 8.4682448 8.3660342 8.2638235 8.1616129 8.0724893 7.9842513 7.93273 7.8912043 7.8496787 7.808153 7.7647018 7.699504 7.6343061 7.5691083 7.5039104 7.4387126 7.3735148 7.3083169 7.2431191 7.1779212 7.1390086 7.1193801 7.0997516 7.0801231
11.968999 11.915065 11.861131 11.807197 11.753262 11.699328 11.645394 11.59146 11.537526 11.483592 11.429657 11.375723 11.321789 11.267855 11.213921 11.159986 11.106052 11.052118 10.998184 10.94425 10.890315 10.79869 10.67499 10.551289 10.431959 10.316673 10.201387 10.086101 9.970815 9.8555291 9.7402432 9.6249573 9.5096713 9.3943854 9.2790995 9.1638136 9.0485276 8.9353355 8.8331249 8.7309142 8.6287036 8.5264929 8.4242823 8.3220716 8.219861 8.1176503 8.0154397 7.9270842 7.8388462 7.7943682 7.7528425 7.7113168 7.6697912 7.6236344 7.5584365 7.4932387 7.4280409 7.362843 7.2976452 7.2324473 7.1672495 7.1020517 7.04367 7.0240415 7.004413 6.9847846
11.810736 11.756802 11.702868 11.648934 11.594999 11.541065 11.487131 11.433197 11.379263 11.325329 11.271394 11.21746 11.163526 11.109592 11.055658 11.001723 10.947789 10.893855 10.839921 10.785987 10.732052 10.678118 10.624184 10.542063 10.418363 10.294662 10.17537 10.060084 9.9447984 9.8295125 9.7142265 9.5989406 9.4836547 9.3683688 9.2530828 9.1377969 9.022511 8.9072251 8.7919391 8.6869517 8.584741 8.4825304 8.3803197 8.2781091 8.1758984 8.0736878 7.9714771 7.8699171 7.7816791 7.697532 7.6560064 7.6144807 7.572955 7.5314294 7.482567 7.4173691 7.3521713 7.2869734 7.2217756 7.1565778 7.0913799 7.0261821 6.9609842 6.928703 6.9090745 6.889446
11.652473 11.598539 11.544605 11.490671 11.436736 11.382802 11.328868 11.274934 11.221 11.167066 11.113131 11.059197 11.005263 10.951329 10.897395 10.84346 10.789526 10.735592 10.681658 10.627724 10.573789 10.519855 10.465921 10.411987 10.358053 10.285436 10.161735 10.038035 9.9187817 9.8034958 9.6882099 9.5729239 9.457638 9.3423521 9.2270662 9.1117802 8.9964943 8.8812084 8.7659225 8.6506365 8.5407784 8.4385678 8.3363572 8.2341465 8.1319359 8.0297252 7.9275146 7.8253039 7.7245121 7.6362741 7.5591702 7.5176446 7.4761189 7.4345932 7.3930676 7.3414995 7.2763017 7.2111038 7.145906 7.0807082 7.0155103 6.9503125 6.8851147 6.8333644 6.8137359 6.7941074
11.49421 11.440276 11.386342 11.332408 11.278473 11.224539 11.170605 11.116671 11.062737 11.008803 10.954868 10.900934 10.847 10.793066 10.739132 10.685197 10.631263 10.577329 10.523395 10.469461 10.415526 10.361592 10.307658 10.253724 10.19979 10.145856 10.091921 10.028808 9.9051077 9.7814072 9.6621932 9.5469073 9.4316214 9.3163354 9.2010495 9.0857636 8.9704777 8.8551917 8.7399058 8.6246199 8.509334 8.3946052 8.2923946 8.1901839 8.0879733 7.9857626 7.883552 7.7813413 7.6791307 7.579107 7.490869 7.4208084 7.3792828 7.3377571 7.2962314 7.2547058 7.2004321 7.1352343 7.0700364 7.0048386 6.9396407 6.8744429 6.8092451 6.7440472 6.7183973 6.6987688
11.335947 11.282013 11.228079 11.174145 11.12021 11.066276 11.012342 10.958408 10.904474 10.85054 10.796605 10.742671 10.688737 10.634803 10.580869 10.526934 10.473 10.419066 10.365132 10.311198 10.257263 10.203329 10.149395 10.095461 10.041527 9.9875925 9.9336583 9.8797241 9.82579 9.7718558 9.6484802 9.5247798 9.4056047 9.2903188 9.1750329 9.0597469 8.944461 8.8291751 8.7138892 8.5986032 8.4833173 8.3680314 8.2527455 8.1462214 8.0440107 7.9418001 7.8395894 7.7373788 7.6351681 7.5329575 7.433702 7.345464 7.2824466 7.240921 7.1993953 7.1578696 7.116344 7.0593647 6.9941668 6.928969 6.8637712 6.7985733 6.7333755 6.6681776 6.6230587 6.6034303
11.177684 11.12375 11.069816 11.015882 10.961947 10.908013 10.854079 10.800145 10.746211 10.692277 10.638342 10.584408 10.530474 10.47654 10.422606 10.368671 10.314737 10.260803 10.206869 10.152935 10.099 10.045066 9.9911321 9.9371979 9.8832637 9.8293295 9.7753953 9.7214611 9.667527 9.6135928 9.5596586 9.5057244 9.3918528 9.2681524 9.1490162 9.0337303 8.9184443 8.8031584 8.6878725 8.5725866 8.4573006 8.3420147 8.2267288 8.1114429 8.0000482 7.8978375 7.7956269 7.6934162 7.5912056 7.4889949 7.3867843 7.2882969 7.2000589 7.1440848 7.1025592 7.0610335 7.0195078 6.9779822 6.9182973 6.8530994 6.7879016 6.7227037 6.6575059 6.5923081 6.5277202 6.5080917
11.019421 10.965487 10.911553 10.857619 10.803684 10.74975 10.695816 10.641882 10.587948 10.534014 10.480079 10.426145 10.372211 10.318277 10.264343 10.210408 10.156474 10.10254 10.048606 9.9946716 9.9407375 9.8868033 9.8328691 9.7789349 9.7250007 9.6710665 9.6171323 9.5631981 9.509264 9.4553298 9.4013956 9.3474614 9.2935272 9.239593 9.1352254 9.0115249 8.8924277 8.7771418 8.6618558 8.5465699 8.431284 8.3159981 8.2007121 8.0854262 7.9701403 7.8548544 7.7516643 7.6494537 7.547243 7.4450324 7.3428217 7.2406111 7.1428918 7.0546538 7.005723 6.9641974 6.9226717 6.881146 6.8396204 6.7772298 6.712032 6.6468341 6.5816363 6.5164385 6.4512406 6.4127531
10.861158 10.807224 10.75329 10.699356 10.645421 10.591487 10.537553 10.483619 10.429685 10.375751 10.321816 10.267882 10.213948 10.160014 10.10608 10.052145 9.9982112 9.944277 9.8903428 9.8364086 9.7824745 9.7285403 9.6746061 9.6206719 9.5667377 9.5128035 9.4588693 9.4049351 9.351001 9.2970668 9.2431326 9.1891984 9.1352642 9.08133 9.0273958 8.9734616 8.878598 8.7548975 8.6358392 8.5205533 8.4052673 8.2899814 8.1746955 8.0594096 7.9441236 7.8288377 7.7135518 7.6054911 7.5032805 7.4010698 7.2988592 7.1966485 7.0944379 6.9974868 6.9092488 6.8673612 6.8258356 6.7843099 6.7427842 6.7012586 6.6361624 6.5709646 6.5057667 6.4405689 6.375371 6.3174145
10.702895 10.648961 10.595027 10.541093 10.487158 10.433224 10.37929 10.325356 10.271422 10.217488 10.163553 10.109619 10.055685 10.001751 9.9478166 9.8938824 9.8399482 9.786014 9.7320798 9.6781456 9.6242114 9.5702773 9.5163431 9.4624089 9.4084747 9.3545405 9.3006063 9.2466721 9.1927379 9.1388038 9.0848696 9.0309354 8.9770012 8.923067 8.8691328 8.8151986 8.7612644 8.7073303 8.6219705 8.4982701 8.3792507 8.2639647 8.1486788 8.0333929 7.918107 7.802821 7.6875351 7.5722492 7.4593179 7.3571073 7.2548966 7.152686 7.0504753 6.9482647 6.8520817 6.7705251 6.7289994 6.6874738 6.6459481 6.6044224 6.5602928 6.495095 6.4298971 6.3646993 6.2995015 6.2343036
10.544632 10.490698 10.436764 10.38283 10.328895 10.274961 10.221027 10.167093 10.113159 10.059225 10.00529 9.9513561 9.8974219 9.8434878 9.7895536 9.7356194 9.6816852 9.627751 9.5738168 9.5198826 9.4659484 9.4120143 9.3580801 9.3041459 9.2502117 9.1962775 9.1423433 9.0884091 9.0344749 8.9805408 8.9266066 8.8726724 8.8187382 8.764804 8.7108698 8.6569356 8.6030014 8.5490673 8.4951331 8.4411989 8.3653431 8.2416426 8.1226622 8.0073762 7.8920903 7.7768044 7.6615185 7.5462325 7.4309466 7.3156607 7.2109341 7.1087234 7.0065128 6.9043021 6.8020915 6.7066767 6.6321633 6.5906376 6.549112 6.5075863 6.4660606 6.4192254 6.3540276 6.2888297 6.2236319 6.158434
10.386369 10.332435 10.278501 10.224567 10.170632 10.116698 10.062764 10.00883 9.9548957 9.9009615 9.8470273 9.7930931 9.7391589 9.6852248 9.6312906 9.5773564 9.5234222 9.469488 9.4155538 9.3616196 9.3076854 9.2537513 9.1998171 9.1458829 9.0919487 9.0380145 8.9840803 8.9301461 8.8762119 8.8222778 8.7683436 8.7144094 8.6604752 8.606541 8.5526068 8.4986726 8.4447384 8.3908043 8.3368701 8.2829359 8.2290017 8.1750675 8.1087157 7.9850152 7.8660737 7.7507877 7.6355018 7.5202159 7.40493 7.289644 7.1743581 7.0647609 6.9625502 6.8603396 6.7581289 6.6559183 6.5612716 6.4938015 6.4522758 6.4107502 6.3692245 6.3276988 6.278158 6.2129601 6.1477623 6.0825645
10.228106 10.174172 10.120238 10.066304 10.012369 9.9584353 9.9045011 9.8505669 9.7966327 9.7426985 9.6887643 9.6348301 9.5808959 9.5269618 9.4730276 9.4190934 9.3651592 9.311225 9.2572908 9.2033566 9.1494224 9.0954883 9.0415541 8.9876199 8.9336857 8.8797515 8.8258173 8.7718831 8.7179489 8.6640148 8.6100806 8.5561464 8.5022122 8.448278 8.3943438 8.3404096 8.2864754 8.2325413 8.1786071 8.1246729 8.0707387 8.0168045 7.9628703 7.9089361 7.8520883 7.7283878 7.6094851 7.4941992 7.3789133 7.2636274 7.1483414 7.0330555 6.9185876 6.816377 6.7141663 6.6119557 6.509745 6.4158665 6.3554397 6.313914 6.2723883 6.2308627 6.189337 6.1370905 6.0718927 6.0066949
10.069843 10.015909 9.9619748 9.9080406 9.8541064 9.8001723 9.7462381 9.6923039 9.6383697 9.5844355 9.5305013 9.4765671 9.4226329 9.3686988 9.3147646 9.2608304 9.2068962 9.152962 9.0990278 9.0450936 8.9911594 8.9372253 8.8832911 8.8293569 8.7754227 8.7214885 8.6675543 8.6136201 8.5596859 8.5057518 8.4518176 8.3978834 8.3439492 8.290015 8.2360808 8.1821466 8.1282124 8.0742783 8.0203441 7.9664099 7.9124757 7.8585415 7.8046073 7.7506731 7.6967389 7.6428048 7.5888706 7.4717604 7.3528966 7.2376107 7.1223248 7.0070389 6.8917529 6.776467 6.6702038 6.5679931 6.4657825 6.3635718 6.2704615 6.2170779 6.1755522 6.1340265 6.0925009 6.0509752 5.9960231 5.9308253
9.9115802 9.857646 9.8037118 9.7497776 9.6958434 9.6419093 9.5879751 9.5340409 9.4801067 9.4261725 9.3722383 9.3183041 9.2643699 9.2104358 9.1565016 9.1025674 9.0486332 8.994699 8.9407648 8.8868306 8.8328964 8.7789623 8.7250281 8.6710939 8.6171597 8.5632255 8.5092913 8.4553571 8.4014229 8.3474888 8.2935546 8.2396204 8.1856862 8.131752 8.0778178 8.0238836 7.9699494 7.9160153 7.8620811 7.8081469 7.7542127 7.7002785 7.6463443 7.5924101 7.5384759 7.4845418 7.4306076 7.3766734 7.3227392 7.2151329 7.0963081 6.9810222 6.8657363 6.7504504 6.6351644 6.5240306 6.4218199 6.3196093 6.2173986 6.1250564 6.0787161 6.0371904 5.9956647 5.9541391 5.9126134 5.8549557
9.7533172 9.699383 9.6454488 9.5915146 9.5375804 9.4836463 9.4297121 9.3757779 9.3218437 9.2679095 9.2139753 9.1600411 9.1061069 9.0521728 8.9982386 8.9443044 8.8903702 8.836436 8.7825018 8.7285676 8.6746334 8.6206993 8.5667651 8.5128309 8.4588967 8.4049625 8.3510283 8.2970941 8.2431599 8.1892258 8.1352916 8.0813574 8.0274232 7.973489 7.9195548 7.8656206 7.8116864 7.7577523 7.7038181 7.6498839 7.5959497 7.5420155 7.4880813 7.4341471 7.3802129 7.3262788 7.2723446 7.2184104 7.1644762 7.110542 7.0566078 6.9585055 6.8397196 6.7244337 6.6091478 6.4938618 6.3785759 6.2756467 6.1734361 6.0712254 5.9818799 5.9403543 5.8988286 5.8573029 5.8157773 5.7742516
9.5950542 9.54112 9.4871858 9.4332516 9.3793174 9.3253833 9.2714491 9.2175149 9.1635807 9.1096465 9.0557123 9.0017781 8.9478439 8.8939098 8.8399756 8.7860414 8.7321072 8.678173 8.6242388 8.5703046 8.5163704 8.4624363 8.4085021 8.3545679 8.3006337 8.2466995 8.1927653 8.1388311 8.0848969 8.0309628 7.9770286 7.9230944 7.8691602 7.815226 7.7612918 7.7073576 7.6534234 7.5994892 7.5455551 7.4916209 7.4376867 7.3837525 7.3298183 7.2758841 7.2219499 7.1680157 7.1140816 7.0601474 7.0062132 6.952279 6.8983448 6.8444106 6.7904764 6.7018781 6.5831311 6.4678452 6.3525593 6.2372733 6.1294735 6.0272629 5.9250522 5.8435181 5.8019925 5.7604668 5.7189411 5.6774155
9.4367912 9.382857 9.3289228 9.2749886 9.2210544 9.1671202 9.1131861 9.0592519 9.0053177 8.9513835 8.8974493 8.8435151 8.7895809 8.7356467 8.6817126 8.6277784 8.5738442 8.51991 8.4659758 8.4120416 8.3581074 8.3041732 8.2502391 8.1963049 8.1423707 8.0884365 8.0345023 7.9805681 7.9266339 7.8726997 7.8187656 7.7648314 7.7108972 7.656963 7.6030288 7.5490946 7.4951604 7.4412262 7.3872921 7.3333579 7.2794237 7.2254895 7.1715553 7.1176211 7.0636869 7.0097527 6.9558186 6.9018844 6.8479502 6.794016 6.7400818 6.6861476 6.6322134 6.5782792 6.5243451 6.4452507 6.3265426 6.2112567 6.0959708 5.9833003 5.8810897 5.778879 5.7051563 5.6636307 5.622105 5.5805793
